01-Jan-2022
noreply@pravmir.ru 4767,4436,5037,1720,4668,4991,5169,4576,4973,5115,1301,5295,5208,3946,4184,4527,4739,4856,1072,965,2537,5378,2677,2890,5358,4925,4890,1431,4694,2058,4815,1156,5316,5026,2013,10,2845,4497,3473,3825,18,2755,4378,4636,2630,5140
newslist@rzd.ru 111,22,3543,1831,2267,3469,45,94,76,3727,1633,1507,95,93,2835,74,3074,1914,2495,77,39,4391
donotreply@rzd.ru 44,3122,5989
alert@jobrapidoalert.com 61,4231,184,64,188,1679,4746,2705,4847,66,1747,62,189,67,78,69,185,4550
aa-kalinina@yandex.ru 282,5077,182,380,304,284,293,376,377,383,73,183
ev.kasyanova@mail.ru 98,99
virusfun@list.ru 103
4nina83@mail.ru 107
info@site.hh.ru 6565,7080,4299,6517,7060,5711,6793,5029,6267,5902,5351,4034,4916,6006,4225,1701,5232,5656,4889,5929,1729,4893,4517,6716,5299,4056,6920,6588,3869,6687,3119,6470,5725,4001,6215,4738,2852,6149,1714,7038,6501,5797,5105,5179,4312,6398,4119,6654,5813,6899,4633,6609,6302,5668,6660,6270,3762,5946,2823,5309,6092,3894,4987,5720,2878,4519,2881,6190,4665,5697,5877,4733,1681,6079,6758,7003,6475,6556,4148,6532,5732,5890,4813,6524,7100,4560,2761,6777,5377,7112,6403,6046,6956,6566,6604,4211,3964,4180,6944,5968,3740,4090,3775,3484,4018,7055,6228,3787,5918,6526,6432,5030,6721,5759,7095,5004,2779,6335,1754,6383,7010,6032,5334,5284,6342,4317,4495,4166,5347,6663,7087,4620,3948,7033,4200,6969,4260,5240,5851,4009,6138,6172,3755,5980,5156,5217,5790,6222,6676,5221,4952,5682,5771,4408,5365,5120,2717,4922,6977,6096,6866,4487,4257,2827,6121,6939,4710,6008,6874,4654,3824,4944,6069,6907,6358,6598,6454,6843,7118,6434,4660,7017,4064,5082,6352,3928,6295,4909,4469,5085,4110,5676,6629,2773,4284,6167,5774,6855,6441,5937,4049,6543,6742,6159,6485,2739,4434,4841,5803,4804,5127,6201,6476,4402,4704,6105,2782,6673,6935,1700,6424,6725,3902,4772,5749,5825,5263,4084,6089,3765,5953,6877,6412,6368,6806,6886,144,5897,6312,6668,5839,3208,5021,6463,6245,2654,2794,4568,3879,5861,5143,5326,6238,4541,6645,4341,5692,4362,5034,4760,6150,7023,1695,4457,4603,2639,4972,5342,3545,4390,6253,6615,4154,4852,4788,3271,4681,1671,4866,4599,6406,6058,5197,6013,4628,5200,1661,5304,5986,6947,5709,2733,3858,1672,6110,6734,6982,4726,4547,1575,6573,6702,4373,2651,6819,2743,6607,3060
friendupdates@facebookmail.com 6652,6405,6620,6802,6423,6418,6837,6521,6402,6393,6443,6782,6688,6713,6569,6773,6664,6558,7072,6450,6775,6488,6690,6825,7083,6456,6637,6732,6396,6404,7101,6518,6605,7032,6507,6446,7057,6685,6828,6669,6848,7127,6972,6461,7074,6589,6728,7067,6706,7049,6754,6861,7063,6681,6942,6600,6430,6542,6743,7039,6659,6934,6750,6595,6384,7048,6410,6867,7093,6544,6724,6527,7096,6425,6534,6474,6693,6551,6563,6759,6435,6957,6389,6978,6698,6502,6665,6727,7106,6479,6493,6628,6512,6574,6429,6747,7036,6737,7082,6415,6647,6890,6630,6986,6718,6577,7058,6472,7121,6533,7052,6945,6548,6635,6840,7098,6555
account-security-noreply@accountprotection.microsoft.com 7102,2847
admin@notify.vk.com 6426,6675,117,6103,3918,288,2727,6496,6197,4682,6439,4774,295,2652,1870,4548,6407,5490,5480,136,6619,1719,1362,1940,5204,1058,5366,7020,6262,4188,4920,3994,5009,4691,3923,5155,6570,6736,3816,2178,303,283,4820,6871,5104,5369,6876,119,1558,6831,6023,4716,6480,5575,6523,7073,370,130,309,4706,3741,5506,6464,1709,5078,6043,336,4676,5826,4531,4931,848,4997,123,4879,1717,6189,6953,4590,5350,4853,348,6712,3509,4500,4443,3738,6862,3887,7042,5264,5483,361,3897,6924,4908,354,1753,118,1905,2802,116,6508,6720,5283,6271,135,5764,6442,4932,4992,4040,5272,340,2640,5276,2876,5113,6330,334,2701,128,5611,162,5287,6152,4963,4593,352,3829,3950,224,204,359,4683,286,115,5356,6624,6314,5148,5171,6662,3771,4324,5254,6726,5306,1744,6341,953,4177,6677,5376,342,6744,6487,374,4781,127,278,6363,7034,4686,5100,2860,6931,4945,4176,6175,6091,4979,4017,5111,6258,379,6860,3754,215,7051,7059,6299,4871,4701,4178,6484,6933,1037,138,6269,6596,5215,6973,4859,1098,4510,5268,6500,6757,5508,4251,5149,339,6575,6857,6983,6765,1686,6399,4792,6908,4051,6970,381,4696,351,6326,2768,134,228,3976,142,4483,6417,248,6701,332,4197,4695,6898,6277,4144,137,6163,3756,347,6979,4044,3828,6625,5311,6165,5226,5757,311,6309,3837,226,112,7015,241,2862,2686,5259,5979,296,6257,3827,3845,251,3831,4805,5331,4789,5432,2110,5525,5110,4969,7007,4120,4581,6641,4539,4692,5190,6587,6790,6547,6881,6106,6776,6597,6952,846,5323,4342,345,2071,5582,7129,6797,6451,6492,3773,4819,356,6354,6087,6910,3999,2624,4228,6334,152,4234
notification+kjdmwujidm7i@facebookmail.com 4158,4513,2070,2784,3937,4147,4186,1689,3909,4302,186,3478,154,305,555,4094,211,141,2791,3884,4600,161,4027,4535,4279,4048,3836,369,2840,2760,4138,4534,4616,4263,160,3990,4128,4503,3854,4111,3495,3548,3485,4313,1651,1745,2725,2795,3899,4059,4143,4307,4641,4118,2767,2729,1694,2636,2788,2919,3968,2757,2719,1659,2702,4330,2740,1705,3781,4588,436,4022,149,4398,2816,4117,506,3924,4320,143,1684,212,3830,4561,2073,2706,1670,4458,412,4153,217,378,3779,2641,4137,4273,4496,3860,3957,1725,4226,2765,3375,4039,4551,1736,3880,4621,4170,4204,4608,4258,2809,4366,4592,1752,2851,4286,508,2072,3504,3760,4061,4542,4421,3744,2689,2726,2884,163,1716,2801,3474,4070,3888,4080,4335,4520,4571,164,4196,1678,2864,2775,4232,2751,4050,4356,4529,4447,3808,4241,3747,448,2631,4316,3988,3942,4632,3981,2699,327,2648,2826,3544,4579,113,2749,3508,4169,3851,4464,4403,4374,4509,200,3769,405,4481,474,4000,3917,159,3871,3974,3992,2078,4181,4306,4298,157,4488,4151,3788,4063,2834,4008,129,214,559,310,2709,4292,2704,1748,4502,4216,4187,540,1687,1734,2833,187,4563,4624,1743,4383,3929,2877,3844,4205,4435,4165,4347,3798,4003,2690,4546,4097,4420,4589,3949,4032,3815,2698
bezotveta@odnoklassniki.ru 3821,435,700,239,657,3856,703,4023,3987,4035,4474,392,3886,3972,4400,3896,4067,4327,3763,4630,4334,2734,4047,739,746,5184,131,712,706,4089,4290,4301,4274,4479,3812,4444,350,299,452,4172,3803,3783,748,3936,4194,3750,121,3905,4062,424,3785,710,4175,702,731,490,4042,4074,708,312,714,367,4083,114,2628,3846,4471,4078,4157,132,3940,4433,155,707,4096,724,4185,2696,4463,3979,4428,682,260,736,3778,4243,4245,3748,4348,4401,3877,4224,413,3873,4287,281,4323,3893,4005,156,3952,202,4318,729,222,4162,4140,238,4121,4152,742,4141,705,716,4331,4081,4285,3868,4395,4254,4461,4182,4113,3790,4105,366,442,146,4220,4244,1703,745,4150,4131,3767,3920,737,190,4360,3609,4381,246,218,298,4214,4338,3983,4109,140,3739,4029,4259,3774,4405,4372,4468,466,3915,4247,3931,4364,209,721,3912,740,4198,4451,4171,3826,4282,4304,4267,3991,3813,394,4295,4309,4413,408,4368,3807,4101,719,5010,3751,3853,3901,4354,4237,698,4387,3743,4146,725,4208,4425,4253,4439,1666,3927,695,4927,325,4167,3922,4410,693,4430,4126,158,741,3757,3794,3955,4417,709,482,139,375,4242,738,718,720,618,728,3882,3862,4202,4344,3967,4248,4060,4230,3833,368,4006,4135,3962,3840,4066,2700,699,4445,4092,3753,4277,4359,732,726,267,694,581,3998,4054,4058,4192,4031,4116,4270,4262,4020,464,730,679,3850,4013,4314,341,4025,696,4376,4456,4249
-NO-REPLY-@host.superjob.ru 173,126,120,150
update+kjdmwujidm7i@facebookmail.com 463,411,571,488,147,349,450,308,399,372,125,461,358,562,441,493,122,426,191
almarkow@mail.ru 153,2594,133,4465
news@220-volt.ru 3935,4606,4545,4906,4163,3963,4480,4796,4975,4648,4252,4883,2882,3921,5307,2920,4769,5271,2741,4446,2790,4869,4955,5002,4210,145,4106,5020,1662,4127,4396,4419,4657,5199,4288,4895,5108,4068,5253,4848,5286,3945,2635,5230,2732,3890,4462,2770,4523,2642,1692,2832,4268,4305,4345,5130,2800,5147,4505,5333
noreply@support.job.ru 244,250,231,318,230,255,275,324,437,270,313,322,198,193,237,319,438,274,258,223,148,272,323,219,207,252,432,225,430,265,410,329,382,192,297,317,206,429,234,404,294,414,199,344,315,321,301,302,320,289,247,357,273,328,195,443,253,263,433,353,445,220,423,335,271,257,439,264,269,343,229,210,254,333,398,407,400,300,401,314,326,337,233,256,1756,262,427,285,292,261,196,287,197,331,249,316,360,1696,201,245,371,447,259,242
mail@change.org 1988,1036,957,878,887,1002,825,2746,1556,1436,2627,2869,2731,832,2683,169,167,1354,1184,1320,2728,1682,2715,1737,2820,2857,1331,1394,822,995,2688,2611,1733,2807,1009,2422,1018,1224,1435,1071,2643,2772,1758,1065,2066,1665,1708,997,1726,1292,1675,2369,1079,1369,1269,1323,811,1722,165,1656,1711,1054,2021,1732,862,999,2885,1749,1060,1420,1518,1713,2838,1697,1731,1012,861,2848,1555,2762,1680,1750,172,1092,1667,2738
password+kjdmwujidm7i@facebookmail.com 166
kabinet@rt.ru 176,168
zakaz@220-volt.ru 170,171
no-reply@gosuslugi.ru 4714,1741,6154,6370,6155,6127,4038,6959,3835,5375,5964,6538,4014,6832,5472,6272,6748,2649,6833,175,6719,6844,6774,5539,6749,5628,6798,6546,5760,5642,5984,6792,4928,6444,5485,7109,6617,5654,7130,5489,6915,6751,6708,6422,7108,6714,5549,2156,6522,5517,7021,6591,6513,5601,174,6729,6911,2799,2867,5543,6520,6762,3848,6745,5627,5495,6824,3673,6711,3322,6984,1841,5816
site@ufms-khb.ru 177
noreply@notifications.skype.com 178
do-not-reply@livejournal.com 179
lj_notify@livejournal.com 416,363,180,194,691,548
prisakar-82.afon_grecia@mail.ru 181
nobody@host.superjob.ru 6498,4865,1746,5397,4567,4954,5084,4540,4768,203,4544,4015,4709,5218,7016,6682,5430,1663,2074,6166,4720,4349,4882,5687,3859,4311,5191,208,6917,1721,3954,5471,5224,5416,3881,4071,1693,3843,4514,4926,4055,5308,4261,6691,2637,2815,6674,4207,4336,7044,3870,1723,1738,3780,1652,5830,6634,2863,4645,3764,4036,5591,4332,4108,6411,5370,1757,2759,5447,5141,4195,6795,5324,4765,4280,5410,5209,4028,3849,2718,6817,4626,5244,6644,4478,5440,2792,5238,5320,5553,4951,6586,4133,4921,1669,4957,4215,4382,4333,5318,2722,2650,7077,221,1685,5463,4179,6218,4511,4033,4145,5125,4986,4862,6093,5475,4629,4183,5303,4556,4418,5473,5394,2766,5352,5629,4663,5952,4587,6401,4136,5172,4467,2742,6841,3933,4498,6148,4787,4521,3916,6667,6169,6788,4088,1453,2787,4272,6741,4429,4484,1658,4388,7031,4114,1755,4836,4998,6104,2859,4537,6031,2796,4199,4432,5558,2841,5195,4203,5433,4303,6333,1759,4142,4597,5094,5102,2789,4574,6273,6760,4802,5014,4255,6700,4459,5453,3784,5454,2922,1742,5997,6649,3925,4296,3913,5527,6381,4452,5407,4858,6459,3475,6756,2873,5450,5934,5279,1653,5415,2707,4375,280,2711,2758,5000,6214,6237,5898,1718,5270,5389,6968,4759,2750,5027,2763,4250,5460,4493,3745,6126,6063,4043,6631,3749,1673,6999,5173,4394,5476,6715,6772,5404,6311,2644,4736,6906,5405,4238,2933,1677,5795,6981,6045,5573,4441,5119,2531,4658,4037,1699,3758,6266,6838,5538,4777,3874,5474,3995,4868,4300,5346,2870,5145,4069,5384,1715,5152,2918,5412,4369,6120,1735,5175,4782,4339,5018,5336,5618,6936,7054,2778,4532,4747,4712,4569,4887,4075,1728,4491,5118,4236,4810,4346,4310,4806,5777,5822,4102,5146,4466,2647,4688,5262,266,3959,6603,5422,5863,4562,4842,6661,1751,6136,4971,6017,5332,268,4107,4839,3947,4613,5459,205,2808,279,4115,5570,2924,7105,4743,4678,4455,6515,6686,3907,5467,4168,4308,6183,4827,4278,2818,4281,4377,3814,5380,2736,4834,4680,7103,4315,2632,5971,2713,4919,4507,5966,4002,4371,6680,4266,5293,4352,5193,5858,5992,5393,5170,4026,7122,3797,4404,4798,6252,5282,5413,4221,4427,2883,5445,5856,5223,6385,5245,5710,4460,6293,4164,5219,6268,3891,2786,4486,3993,4543,4652,6614,216,2014,6469,2810,243,3804,5468,3857,3975,6440,4619,5439,4440,4939,6895,6349,4754,3820,4406,6367,4968,5243,6955,277,6557,2069,4809,5426,5411,5038,4607,5417,4784,4412,6482,6078,4426,6530,4899,4407,4490,2756,4386,4516,4693,6755,3989,4622,5225,4518,2783,4650,6199,3786,1690,4082,4174,4512,5385,6985,5364,2730,5650,4639,6428,5194,5403,4475,1688,4752,4598,6452,2839,3960,2850,1702,6572,5587,6519,4319,4886,4725,1710,2695,5260,5491,4276,3885
devnull@yandex.ru 690,213,545,751
robot@barahla.net 227
myavast@avast.com 232
mirdrevnostei@gmail.com 235,236
admin@zadonsk-monastir.ru 240
sascha1937@rambler.ru 276,749
mailer-daemon@yandex.ru 774,290,291
noreply@beeline.ru 306
noreplythismail@khabarovsk.farpost.ru 307
natalia.garaewa@yandex.ru 504,330,417,501,387,373,415,522,402,420,346,385,421,434,386,440,499,396,393
anna_koryakina79@mail.ru 338
ujkjva2mail.ru@mail.ru 355
bezotweta@loveplanet.ru 362
soklenav@ya.ru 364
news@email.skype.com 428,419,390,365
noreply@lingualeo.ru 384
verifier+5ya0o11myac7l@ucozmail.com 388
notifier+5ya0o11myac7l@ucozmail.com 389
noreply@iqelite.com 391
admin@vkontakte.ru 460,473,673,551,494,397,557,627,525,589,570,395,658,451,470,409,431,462,449,656,444,406
admin@videograph.ru 425,446,456,403,512,530
links.mediakhv@mail.ru 418
centervoc@mail.ru 422
Andrey7319@yandex.ru 750,459,453,752
noreply@job.ru 603,487,519,576,583,492,586,513,485,510,539,619,600,623,628,612,604,616,495,625,469,620,617,567,602,520,556,477,606,454,479,558,584,593,607,536,483,542,621,595,622,598,534,514,538,565,590,639,544,596,457,560,588,455,614,546,582,524,592,633,552,575,594,543,563,489,518,527,531,484,561,591,605,480,608,502
bezotweta@love.khabara.ru 674,511,644,458,468,568,509,642,569,611,655,564,671,566,649,668,648,517,472,535,653,486,550,664,661,652,646,643,645,579,573,660,672,471,678,650,676,491,496,613,666,615,654,665,478,640,641,663,580,624,675,651,577,503
edu.support@panoramahd.ru 537,465,467,541
joeaaoe@yahoo.co.uk 475
amber-m@rambler.ru 476
callcenter@aeroflot.ru 481
sales@procams.ru 498,497
info@profivideo.ru 500
support@job.ru 505
m.sukachev@s-pro.tv 507,532
loginov@tv-soyuz.ru 515
reg@tv-soyuz.ru 516
info@videomax.ru 523,521,526,528,529
alemalov@gmail.com 533
reg@support.job.ru 549,547,554
hello@money.yandex.ru 553,599
confirm+AeWFzaGtpbnNAeWFuZGV4LnJ1@facebookmail.com 572
Welcome@email.skype.com 585,574,587
julilu80@rambler.ru 578,597
links@fttbkhv.ru 601
olegkondrat12@yandex.ru 609
margn@mail.ru 610
redactor@dv-reclama.ru 626
irybakova@proobraz27.ru 629
content@vhabare.ru 630
info.inxa@gmail.com 631
ria27region@gmail.com 632
hbr@moigorod.ru 634
karpova.anna@moigorod.ru 635,636
info@intermag27.ru 637
reg@job.ru 638,669
hello@yandex.ru 647,701
Continental@yandex.ru 659
grandregion@list.ru 662
n-200585@mail.ru 670
vitflik@rambler.ru 686,677,801,685,785,687,683,786,681,680
zazerkalo@mail.ru 684
info@avsoft.ru 688,689
khf476@khf.ru 692
smakogonov@gmail.com 697
adelia.batler@gmail.com 704
rabotay@rabotay.ru 711
alla.mirra@gmail.com 713
mahaon176@mail.ru 715
skalli70@mail.ru 717
webmaster@livejournal.com 722
o-filos@yandex.ru 743,723
nicanorth@mail.ru 770,727,767,769,761,771
support@odnoklassniki.ru 733
omma-3000@mail.ru 734
mikv.regs@gmail.com 753,756,735
MAILER-DAEMON 744
keykazachioa@yandex.ru 747
supportohimu@joblist.ru 754
adminkewry@jobinmoscow.ru 755
klub@gradkitezh.ru 757
kostya_chachaew@mail.ru 2997,758,760
rayvonsteel@rambler.ru 759
noreply@cards.yandex.ru 762
maximkedrovski@rambler.ru 763
arkadyki@mail.ru 764
sms@beemail.ru 765
nttz@onlineat.net 766
Davydov@megafondv.ru 768
devnul@cards.yandex.ru 772
eowyn-rock@mail.ru 773
yandex@yandex.ru 775
dobrogost@yandex.ru 802,794,795,792,791,798,800,777,796,799,776,790,797,793
eugenia_lozhkina@land.ru 780,778,782
dryg_@inbox.ru 779,781
andreydoma@mail.ru 783
region-pas@mail.ru 784
manager@com-tech.ru 787,788
kitezh4@yandex.ru 789
delivery@smfd.rt.ru 5470,2811,5741,6966,6821,6735,5395,5567,5546,3793,5435,4217,6080,5530,4962,6144,884,5633,6421,6014,3501,2923,6613,6213,5655,4365,6550,4501,5838,6889,5496,5257,3951,5924,6283,5583,6679,6362,5343,5602,5164,4086,5449,994,4843,5510,6486,4729
robot@dellin.ru 890,958
tulasamovar@mail.ru 905,891
noreply@alerts.skype.com 1013
751953-75@mail.ru 1340
noreply@passport.yandex.ru 1508
news@e.korablik.ru 5831,5975,5842,3847,4811,5210,6098,5719,5129,6185,3961,4721,3878,5905,5297,6036,3997,5695,5162,5623,5126,3892,5996,4900,5093,5957,5339,5106,5659,3895,5917,3867,3926,5681,4863,5183,3984,4876,5132,5134,5023,4999,5882,5202,5756,5028,6135,5266,3973,2638,4942,5881,3944,3911,5189,1611,6067,6077,5231,5781,6198,4850,5706,5374,3822,4913,6019,3834,3903,3801,3795,4586,5099,5165,5274,6128,5945,5089,4911,5314,5163,6153,4803,4779,5312,5857,5278,5252,4982,5011,5176,3934,4894,2076,5042,4857,4989,5360,5742,5227,4818,4007,3811,4905
homeinternet@beeline.ru 6180,6119,3810,4492,3969,5712,4091,6768,1650,5462,2817,5596,5234,6579,6458,6766,7068,5488,5809,4832,5142,3809,4947,3970,5387,6643,2825,5486,5595,6392,6763,5505,6583,3799,4206,6317,6642,4363,5235,5620,5461,6921,4948,3971,4949,4601,5562,6705,6390,2703,6851,5518,5138,5970,6455,6703,4357,6849,5580,4085,4833,4723,5424,1644,5443,5442,5423,6255,5807,6503,6319,4489,5541,5622,5388,5973,5328,5503,5564,4717,5896,2708,5714,5647,6182,7069,5520,6050,6059,5329,4605,5649,6922,5894
support@webcaster.pro 1655,1654
eldorado@club.eldorado.ru 1668,1712,1724,1676,1698,1657,5511,1683,1691,1704,1730,1740
selfservice@beeline.ru 1660
no_reply@hh.ru 4855,4415,4052,4246,4384,5663,5296,5187,5359,4129,4964,4156,2803,4644,3805,5206,5338,2828,5229,4269,2780,3943,2633,4393,5373,5684,3876,5117,4583,4618,5139,2653,4351,4019,5081,4422,2720,4937,4076,2829,3908,4229,4190,5705,2691,2868,2745,3759,4011,3982,5717,4740,4046,4449,4294,5694,4358,2865,4941,5744,4671,5095,4289,4903,2798,2723,4750,4193,5776,2697,3866,1739,3978,5317,4104,5670,5734,3768,2776,4530,5036,2752,4159,4700,4724,4482,4099,5753,4990,1706,4264,4222,3842,3898,4321,4072,4506,4326,4134,5750,5273,5727,4776,3791,5255,4453,5167,4825,4880,4557,1674,5017,3832,4801,5769
220-volt@retailrocket.net 1707
no-reply@khl.ru 4470,4030,5075,4389,4424,4098,3482,1933,4565,4637,3861,4591,3966,3914,3906,3776,2747,1727,4924,3494,4004
sales@sberbank.ru 1779
noreply@avito.ru 1880,1881,1882
reply@exacttarget.change.org 2075,2068,2067
noreply@nashe.ru 2104,2176,2206,2079,2143,2086,2199,2193,2091,2077,2167,2213,2095,2162,2139,2101,2154,2151
service@teamviewer.com 2301
SignIn-noreply@teamviewer.com 2302,2303
change@mail.change.org 2716,4095,4297,4355,3690,2774,4610,3802,2819,4575,4719,2634,4010,2629,2963,2793,3817,4053,2735,3766,2879,3977,3985,4291,4213,4414,3782,4477,4437,2753,2849,4073,4155,4189,4416,2871,3904,4472,2748,2710,4638,2724,3939,4667,4322,2866,2844,2804,4271,2781,3800,4329,4448,4385,4504,4552,4690,2645,4672,2694,3838,2846,4130,4265,3986,4045,2582,4223,3872,3863,3553,2830,4526
shop@bdva.ru 2600,2853
sale@shop.bdva.ru 2854,2602,2855,2601
bonus@transclass.ru 2646
inform@money.yandex.ru 2771,2858,3883,2822,4361,4209,2874,3746,2655,3471
noreply@planoplan.com 5818,5381,2917,5605,5616,4227,2744,5482,5153,5414,4831,2806,5641,2687
news@job.ru 2754,2712,2813,2861,2777,2824,2721,2764,2785,2872,2692,2737,2797,2831,2842
telupaes@archstroy.net 2693
robot@mailsend.sibnet.ru 2714,3865
674040@mail.ru 2769
wot@ru-server.wargaming.net 6350,2856,2805,4397
bonuslist@transclass.ru 5872,6018,5298,5960,5545,5688,5920,4555,6142,6047,5451,4614,5599,4873,5783,4898,4915,5267,5869,5925,4817,5843,6083,5420,5340,4476,5820,6081,5983,5860,5186,5560,6048,6124,5418,6187,5003,5739,4756,6052,5492,4977,5600,4584,4662,6158,4643,5131,5325,6034,2880,5290,5211,5993,6004,5335,6129,5478,5019,5446,5899,5241,4783,5939,6037,5864,5448,5928,5349,5383,5738,2812,5399,5850,5382,3503,5847,6007,5161,5494,4896,5552,5652,5300,2843,4524,4763,2898,6038,4983,6177,5406,5521,5427,5455,4958,5699,5398,5772,4849,4627,5614,5598,5319,5535,4877,4578,4778,4901,5039,4934,5484,5555,5458,5886,5815,5889,5581,4795,5516,5528,5766,5787,4570,5355,6122,4826,5974,5457,5239,5542,5584,6064,6055,5780,5884,5800,5645,5498,5554,6086,5479,4525,6051,5640,5250,5593,5811,3542,6151,5848,2875,5675,4732,5532,5136,6108,4707,5477,5689,5154,5425,5845,6068,5534,5745,4653,4956,5936,6094,4981,5923,5182,4965,5419,4808,4283,4646,5041,5513
no-reply@rzd-bonus.ru 6618,2837,3792,3513,6147,6246,6131,5612,6590,2836,3054,3565
account@notice.aliexpress.com 2905
service@mail.alipay.com 2906
bilet@hcamur.ru 3772,3224,3225,3648
tech_dsv_khab@sprut.primorye.ru 4771,3443,4016,3818,4659,4124,4533
transaction@notice.aliexpress.com 5392,3490,5547,3958,5589,3510,5400,4123,3496,4021,3492,4103,5536,5531,5438,3752,3486,5429,5561,3499,3956,3552,5390,5565,3491,3498,5436
message@notice.aliexpress.com 3497,5391,3493
promotion@aliexpress.com 5701,4173,4275,5708,4380,7079,5998,5799,4635,4065,4399,5669,4077,6049,5785,5743,5678,3953,4485,4594,4602,5990,4697,4554,5930,7111,5859,7089,5947,7107,5817,3823,4201,4191,6065,4559,5985,6025,4367,5661,5806,6029,4012,5871,5846,5942,5892,5919,3965,5870,4762,5836,5867,3789,6010,6033,4770,5828,4679,5965,6016,5907,4549,7124,7126,5726,6011,4742,3875,5959,5935,4499,4751,3919,4473,3742,5691,4125,3777,3852,5950,4647,3819,4728,5768,4536,5977,7131,5643,3549,4508,4293,5840,3889,3900,5875,4024,5982,6075,5833,5665,3864,5735,5885,4041,7116,3980,6020,3839,4609,5792,4139,3938,3930,6005,7128,5773,4161,4337,4580,5779,4325,5746,6053,5823,5978,4656,4218,5878,4353,5913,3512,5722,5696,6056,4423,5731,5900,5876,5751,4450,3996,4112,4100,5962,6076,5910,3806,7075,4564,4673,5763,4528,4411,4572,3855,6044,6070,4515,4538,3910,5626,4708,5716,4235,4256,5685,4087,3761,4623,5852,5788,5954,4431,4149,6041,6015,7099,4057,5926,7097
no-reply@accounts.google.com 3770,6900
bee4you@beeline.ru 5007,6021,5636,7066,4233,5653,6689,6242,5363,6328,6650,5512,5386,6304,6820,6447,3932,5428,5594,6733,5315,5619,6594,4379,5550,5379,5576,5608,6813,6431,6633,5556,6859,5821,5464,5509,6400,6416,5421,5408,4713,5572,6535,6243,6731,5568,5597,5832,5001,5625,5524,5121,5497,6549,5804,4631,5557,6260,5586,5995,6717,5431,5361,4343,5091,4816,5441,5578,6678,5289,6858,4844,6365,6481,5571,5588,6950,6582,4212,5651,4340,6473,5559,6468,6259,5914,6327,5452,5548,5786,4494,5402,3796,5522,5646,5908,5606,6066,6467,5610,5526,4239,5577,6001,5607,6471,4611,5723,6612,4079,4702,5469,5566,5729,5624,6140,6608,5703,6514,6562,6303,6074
hello@yandex-team.ru 5434,3841,4240
promo@disk.yandex.ru 3941
sales@info.sberbank.ru 4093
hello@video.yandex.ru 4122,4132
aliexpress@notice.aliexpress.com 5507,4160,5529
rostelecom@cbm.rt.ru 5088,5585,4735,5502,6453,7009,4967,4994,5604,5634,6632,5901,5617,5592,4582,5537,5613,5778,6112,4219,6694
noreply-account@mi.com 4328
twa@mail-eu.wargaming.net 4350
notification+AeWFzaGtpbnNAeWFuZGV4LnJ1@facebookmail.com 4370
dvstart_prim@dv.rt.ru 4392,4442
news@subscribe.irr.ru 5043,5292,5157,4938,4553,4615,4715,5135,4409,4438,4822,4888,4640,4522,4976,5016,4835,6948
wows@ru-server.wargaming.net 4454,4860
info@promo.modoza.com 4892,5032,5151,5122,5228,5337,4821,4872,4634,4651,4950,5107,4699,5079,5256,4642,4585,4838,4775,4996,4596,4749,5313,4758,5024,4867,4573,4558,4764,4824,5181,5345,5372,5087,4661,4814,4687,5160,5198,5096,5330,5133,4985,5006,4566,4718,5354,4731,4854,5174,4961,5044,4914,4794,4846,5112,5207,5321,4617,4974,5015,5168,5368,4918,4935,5357,4786,4604,4577,4902,4800,4670,4625,4745,7053
noreply@yandex.ru 4595
notification@facebookmail.com 5796,5220,4993,5150,6818,4722,5752,6291,4748,5874,4980,6640,6249,4837,6097,6109,6373,4959,5301,6208,6244,6280,6219,5829,4923,6300,4960,6223,4703,4907,4966,4705,6171,6235,5201,6361,5969,5909,6141,6366,6220,6224,5031,4830,5233,5214,4790,5801,5718,4785,6958,5958,5341,4734,6085,6364,5166,6265,5854,6536,5879,5837,6932,5159,5991,5789,5322,5213,6337,5698,6207,4870,6042,5212,6564,4791,6531,6292,4875,6331,5086,4753,5704,5672,5294,6374,4780,4943,5819,6316,4689,5203,6438,4727,4797,4684,6554,4884,6160,5180,5911,5083,6414,6509,5216,5192,5921,5955,4891,4675,4685,6375,6125,6174,6281,5281,5277,6388,5275,5092,5758,4829,6186,6232,6651,6539,6602,5730,6022,6284,6296,6525,7005,4897,4912,6134,6880,6288,6369,5686,6516,4773,6184,6139,6282,5680,6143,5123,6346,6193,5280,6320,5987,5367,6888,6357,5662,5305,6870,5371,4864,5938,5944,6173,6339,6576,5893,6658,6336,5849,5824,6248,6313,6796,5951,7013,4995,6057,6287,5841,6301,4698,6221,6993,5834,6240,6298,5948,5862,4730,5022,6227,4666,5080,5116,6274,5269,6216,4840,4946,6965,4933,6646,5664,5802,5794,5237,5035,5236,6000,4677,4878,6099,6852,4669,5728,6111,6226,5109,5128,5903,5737,6382,5693,6395,4930,6137,4766,6355,5810,6211,5222,6100,4744,5013,5733,5114,6372,5933,5344,6279,4799,5302,6371,5025,5747,6082,6592,6347,6307,6315,5144,5775,6353,6746,5782,5812,5258,6343,5076,6115,5707,6261,5177,6254,4649,5353,6308,5981,5103,5348,6310,4674,6791,5927,6035,4761,4711,4970,5994,5999,4984,6740,4845,6194,4655,4664,5265,6012,5291,5124,4812,6234,4988,4755,6578,5915,5940,6506,4823,5868,6324,4807,4904,6072,5362,6170,6329,5040,6030,4757,5005,5961,5715,4953,4936,5724,5288,6116,6202,6026,6217,5887,4881,4851,6247,6285,4910,4929,6040,6168,5178,5310,5770,5666,6380,6348,6460,5690,6188,5736,6483,6397,6164,4978,6497,5090,5748,5657,6230,6236,6377,6909,5098,6606,5700,5327,5679,5205,6445,6761,6278,4917,6338,5242,6616,5185,5932,6286,5137,6764,5158,5765,6585,4874,4940,5904,4861,6062,6204,5101
alerts@email.skype.com 4737
Tatyana.Berezovskaya@cetelem.ru 4741
messaging-digest-noreply@linkedin.com 4793
noreply@cloudpayments.ru 4828,6117,6930,6902,6826
dvstart_khab@dv.rt.ru 6095,5671,5551,5396,6499,6905,5638,5456,6559,5501,5609,5097,6433,5590,6028,5767,5409,6157,5569,5008,5855,5514,5481,6376,5943,6233,6839,4885,5533,5196,5285,6297,5437
hello@music.yandex.ru 5754,5012
noreply+feedproxy@google.com 5033
brugger@rusfond.ru 5188
website@ligastavok.ru 5247,5249,5248,5246
noreply@ligastavok.ru 5251,5261
creditalfa@alfa-100dney.ru 5401
ofdreceipt@beeline.ru 7070,6181,5713,6457,6584,6114,5563,5621,5972,5540,6060,5519,5444,5648,6648,6504,5487,5579,5466,6391,6923,6318,5808,6704,5895,5465,6256,6850,5504,6767
noreply@miliao.com 5493
video@khl.ru 5499
partners@skyscanner.net 5500
special@aliexpress.com 7086,5515,5523,7071,7078
no-reply@oplatagosuslug.ru 5544
ae_transaction@aliexpress.com 5574
info@info.demix-sport.com 6212,6340,5674,7041,5639,7110,6505,5883,6560,5755,6571,6991,5603,6394,6462,6241,5644,6883,6176,6692,5635,7064,6203,6325,6593,6799,6771,5658,6666,6636,6537
security@facebookmail.com 5637,5615
no_reply@miloserdie.ru 5630
support@chronopay.com 5631
info@services.teamviewer.com 6332,5632
info@monastirev.ru 5762,5660,5667,5784,5793
editor@miloserdie.ru 5673,5740,5702
shop@vsk.ru 5677
mailer@market.yandex.ru 5683
donor@miloserdie.ru 5721,6545,5761,7090,6156,7123,6707,6321
noreply@hh.ru 6722,6963,6938,6872,6113,6885,7115,6039,6739,6962,6437,7061,6638,5906,7114,6192,6102,6146,6510,6466,6553,5865,5827,6477,6810,6723,6639,6387,5912,6305,6695,6161,6061,6002,6709,6918,5798,6145,6478,6975,6088,5931,6132,6359,6009,6919,6710,6162,6528,6738,6835,6250,6323,6770,6178,6191,6937,5791,6884,6179,6684,6657,6683,5976,6511,6696,7012,6306,6996,6101,5922,6027,6073,6853,6897,6873,6769,6071,6275,6567,6778,6210,6627,6671,6251,6976,6409,6263,6611,6133,5814,6420,6107,6601,6344,5949,6054,6752,6264,5853,6779,6622,6378,6448,6408,6610,6024,6670,6289,6753,7011,6419,6449,6290,6854,6379,6209,5873,6495,6580,5956,5880,6599,6656,6997,7092,6541,6465,6540,7025,5941,6322,6568,6626,6552,6896,6529,5835,6834,6090,6276,6231,7091,6360,5963,7062,6436,6581,6345,5844,6386,6809,6494,5988,7026,5891,6229
khv.results@unilab.su 5805
maria@bbhelp.ru 5866
ae_account@aliexpress.com 5888
notice@info.aliexpress.com 5916
noreply@stepik.org 5967,6427,6964,6195,6672,6239,6294,6882,6225,6730,7024,6200,6811,6356,6196
inform@yamoney.ru 6003
support@bestflowers.ru 6084
postmaster@mg.predanie.ru 6118
news@kinopoisk.ru 6123,6130,7047
lab.ma@medcomis.ru 6489,6490,6491,6653,6206,6205,6943
noreply@in.passport.xiaomi.com 6351
dmsvsk1@vsk.ru 6413,6561
promo@vsk.ru 7000,6623,6887,6621
noreply@id.yandex.ru 6655
no-reply@timepad.ru 6803,6781,6697,6699
inform@yoomoney.ru 6780
learn@python.ru 6995,6845,6814,6869,6914,6892,6868,6987,6913,6992,6878,6949,6807,6830,6994,6783,6784
no-reply@zoom.us 6786,6785
teamzoom@zoom.us 6812,6836,6787,6804,6794,6823,6842
noreply@chek.pofd.ru 6789
noreply@github.com 6801,7027,6800,7028,7014,6816,6815
osipov.simon@gmail.com 6805
friendsuggestion@facebookmail.com 7117,6808,6951,6856
security@mail.gitguardian.com 6822
noreply@vostbank.ru 6827
noreply@google.com 6829
info@ecom.sberbank.ru 6846
receipt@ofd.yandex.ru 6847
check@uniteller.ru 6863,6875
info@my-friends.ru 7119,6864,6929,7085
info@worldweatheronline.com 6865,7001
noreply+990923f3b85cf33cb4dbcbad0e1459c4f31cd95a4139f420bffcdd5b@am.atlassian.com 6879
friends@facebookmail.com 6894,6891,6904
notifications@github.com 6893
google-noreply@google.com 6901
info@aleshafond.ru 6967,6974,7043,7104,7125,7004,7088,7113,7056,6916,7081,6925,7094,7076,7120,7035,6946,7018,7008,6903,6912,6971,7030,6980
contact@elephantsql.com 6927,6928,6926
noreply+3e1701352a39721feb78f8649f1acffc76dbbf0a532a8b80a699225a@am.atlassian.com 6954
sales@valentina-db.com 6960,6961
ddclinic@yandex.ru 6998
no-reply@youtube.com 7002
birthdays@facebookmail.com 7029,7019,7050
taco@trello.com 7065,7022
noreply-utos@google.com 7037
arpop@arpop.com 7040
forum@mybirds.ru 7046,7045
forum@volnistye.ru 7084
